148440
118521
101070
116544
134209
127380
131140
124941
127672
132181
135427
102629
147488
136605
140237
131553
141388
138552
110411
106750
142600
113061
135944
112978
138667
118144
113767
101907
104119
113011
118689
115223
128662
141434
110777
107285
135970
112284
109039
142866
122463
141871
101929
124917
133713
118485
128813
118601
135769
119847
136336
116406
140592
106277
132035
119586
112570
132505
109573
119840
141558
120229
107840
122179
138345
130368
126930
131039
117582
120827
108813
125449
104218
113661
100277
130359
149320
129721
149084
146300
114506
137625
125013
105626
102279
145010
136804
100121
108473
137765
111062
100581
104191
130922
127192
131366
103205
139082
119544
115303
107332
101759
128896
133001
110796
104257
118604
136347
122640
100633
111641
130790
133589
141231
137868
116235
127616
149994
112271
105881
148422
103928
141407
148452
134923
146276
134765
116101
111806
149092
120588
105237
139365
140100
144883
129883
133971
130216
140026
142595
108167
149244
127292
117442
122109
111402
118530
130624
120804
127976
101924
145592
127012
121196
125093
143386
118355
121654
106408
126693
145129
129687
121546
106206
105493
106858
107904
108690
138899
113480
121559
111060
124142
136551
145458
136231
113592
124744
112995
139433
137656
130632
139688
116043
102978
122119
148994
126894
101881
103648
104619
113957
135573
138636
126269
143707
137224
144188
137391
110222
110304
126322
122964
108644
119047
105187
143493
116265
136655
124766
138563
126811
143347
130896
123394
130066
145055
146613
112186
116745
140349
102863
141048
144950
113869
135331
135814
149599
141176
106362
128351
131284
101814
104369
133569
140309
145146
118889
133308
144024
111585
118259
147028
148628
127185
119445
115422
139178
116863
132890
137533
130590
141402
111490
134166
120950
135830
112069
103089
103823
145078
143054
120349
113175
100330
121785
121793
104523
116215
135596
108327
138673
111651
135979
130760
110684
134405
106259
135512
100941
132517
111855
122670
136978
127455
130537
147149
108238
111734
100283
103815
113001
122832
112063
112723
117450
147387
100562
119621
122859
119882
109754
143961
105905
102078
124497
136657
135554
137581
149463
149549
117826
117991
101889
135897
129694
114256
145693
139522
129431
101766
123283
138051
111744
132545
143873
141557
103946
121192
144120
147302
120100
144800
142462
133556
136478
135311
139921
137638
132273
103689
124822
144799
107928
111428
108411
118865
147380
122981
123877
124008
136097
109596
106676
129420
138967
130457
147566
125132
137809
147715
135544
142630
117778
131282
118499
141199
139470
134980
132644
128041
144641
139167
114864
147370
113471
106456
127925
117727
127998
111067
104042
125031
134161
103242
146123
122296
146656
129387
145978
147198
142018
122089
148698
111360
130618
125843
137383
134541
131869
104076
140724
122032
143969
115020
111105
117673
117373
111226
129905
136229
127177
136532
117563
134983
141085
129618
102125
140574
121877
138208
101743
116947
136911
125698
136180
138496
107698
105797
149195
121175
123897
133095
123227
121966
147635
109277
109016
148712
115064
105774
107816
106992
101278
125658
146283
129453
111912
116231
114586
128929
104427
127766
106824
118173
132933
148729
148488
140481
128657
148980
101165
116179
149241
137441
135611
140976
128642
137073
120359
132046
146886
119109
108739
119862
115256
107010
120492
115935
148373
100575
110596
120233
129033
142495
125109
120884
119058
140986
140712
106301
140821
139273
126497
112781
122633
123275
138198
105155
108903
148829
112537
132736
107652
125156
101325
123387
145873
117562
148089
119843
141087
139460
118588
148576
141146
141395
146943
148520
133137
147333
110465
127984
111497
110318
113087
116892
114023
127200
129516
127271
117613
121530
117864
122250
135259
144186
128339
147896
111621
119778
120374
107919
129319
113120
137194
117102
139819
117922
138765
117961
136489
149298
107590
148911
131567
142439
114160
147324
110724
110521
132230
136650
123179
111725
111336
123731
137892
142540
113648
119614
103079
101732
119397
134216
129070
140980
141783
108628
121297
123761
143276
145137
131634
105435
114695
130032
103690
122108
136656
149569
137424
142835
120891
131170
135491
102770
138681
107956
138372
103624
124188
143403
122808
142070
110165
124420
124431
101135
140518
140361
123415
114367
125839
122268
108759
143422
126366
138340
118528
136377
149707
129562
133537
148001
140818
146370
136414
113256
129724
124803
145213
125654
109113
126719
143329
124983
109370
116095
127554
121701
131044
136013
123406
125967
123101
148279
138452
115959
142794
148065
147876
113508
147804
135157
147934
119141
119997
146187
135485
107770
105470
128437
147846
118994
137195
138710
134247
106783
126850
101820
124191
135810
131327
146335
106623
120705
133496
149025
142847
118379
135860
112598
106150
103814
144764
103650
111495
106625
113171
135324
129604
139220
131137
110097
120118
117464
119158
120098
116288
141593
143349
132312
129538
121668
123951
141830
112202
103473
138292
129967
142970
126294
129254
149063
104215
149753
119752
144363
101644
117519
113691
143606
148594
144618
119045
134919
141575
141565
119939
137589
142032
125675
148114
119839
142619
135203
115372
148526
121695
142566
114233
104662
124459
104447
148816
131260
100724
141220
104059
118671
105552
140343
142633
108356
147999
128771
133205
149349
107366
114615
127870
143377
117183
125733
144798
133304
133424
141677
129616
148290
108506
107942
140725
127241
120565
146699
122482
110597
110336
141961
130435
146040
101718
121672
102158
115441
144284
140589
115498
127779
101392
118182
115419
