39996
39991
39983
39988
39992
39998
39993
39989
39990
39987
39977
39979
39971
39984
39980
39982
39994
39981
39969
39986
39976
39978
39999
39970
39968
39973
39975
39962
39965
39997
39963
39964
39967
39966
40000
39985
39995
39961
39972
39974
39958
39960
39937
39956
39947
39957
39931
39936
39922
39946
39951
39941
39925
39950
39935
39926
39952
39955
39948
39921
39932
39945
39959
39942
39934
39927
39953
39949
39938
39933
39943
39940
39928
39923
39930
39944
39929
39954
39924
39939
39897
39902
39917
39901
39911
39881
39892
39907
39891
39912
39887
39882
39916
39913
39883
39893
39886
39906
39915
39896
39890
39919
39884
39900
39918
39909
39888
39920
39885
39914
39910
39894
39895
39904
39908
39898
39903
39905
39889
39899
39875
39878
39877
39876
39871
39860
39870
39880
39847
39867
39866
39857
39872
39865
39879
39874
39841
39862
39861
39853
39851
39856
39846
39842
39859
39858
39845
39854
39873
39852
39844
39843
39869
39848
39850
39863
39855
39868
39849
39864
39835
39838
39840
39818
39823
39812
39817
39819
39808
39822
39837
39815
39830
39804
39832
39810
39825
39834
39824
39807
39820
39802
39827
39828
39839
39833
39809
39803
39829
39814
39811
39805
39826
39821
39813
39831
39806
39836
39801
39816
39798
39794
39799
39796
39800
39779
39786
39781
39769
39761
39797
39771
39762
39770
39791
39765
39788
39789
39790
39774
39766
39782
39792
39778
39764
39767
39795
39775
39787
39776
39780
39777
39784
39768
39773
39783
39772
39785
39763
39793
39756
39760
39722
39757
39745
39737
39746
39731
39736
39748
39752
39729
39735
39741
39747
39742
39727
39724
39726
39759
39750
39721
39744
39758
39734
39732
39733
39730
39738
39753
39751
39725
39755
39723
39743
39749
39728
39740
39739
39754
39715
39717
39706
39691
39710
39700
39696
39686
39720
39718
39701
39716
39693
39692
39707
39697
39688
39711
39683
39685
39690
39705
39713
39698
39681
39704
39682
39687
39703
39695
39712
39708
39702
39709
39694
39719
39714
39699
39684
39689
39679
39676
39661
39646
39665
39659
39644
39680
39672
39677
39671
39652
39678
39655
39660
39657
39650
39666
39670
39654
39645
39669
39649
39656
39664
39651
39674
39673
39667
39641
39658
39663
39643
39662
39675
39642
39647
39668
39648
39653
39640
39631
39610
39608
39605
39635
39630
39603
39620
39625
39611
39604
39621
39626
39613
39612
39615
39618
39623
39601
39616
39634
39639
39637
39606
39627
39638
39607
39632
39602
39636
39628
39633
39629
39617
39609
39622
39614
39624
39619
39598
39597
39592
39596
39595
39600
39564
39562
39584
39579
39566
39565
39582
39574
39585
39581
39561
39576
39570
39572
39587
39577
39575
39569
39586
39590
39591
39571
39567
39568
39583
39580
39589
39588
39599
39593
39563
39594
39578
39573
39557
39532
39551
39541
39531
39539
39546
39536
39521
39527
39542
39552
39537
39526
39522
39538
39554
39525
39523
39547
39543
39559
39556
39545
39535
39560
39533
39558
39553
39524
39530
39540
39534
39529
39549
39544
39555
39548
39550
39528
39482
39516
39492
39506
39496
39486
39494
39519
39504
39487
    39497
39511
39491
39481
39501
39509
39514
39512
39507
39489
39518
39502
39517
39484
39510
39513
39499
39498
39503
39505
39493
39500
39488
39508
39483
39490
39515
39520
39485
39495
39463
39447
39451
39441
39467
39462
39456
39471
39466
39461
39477
39457
39452
39454
39472
39446
39476
39444
39478
39464
39469
39442
39453
39465
39443
39470
39475
39474
39460
39479
39468
39459
39455
39449
39450
39480
39448
39445
39458
39473
39436
39407
39421
39437
39406
39411
39427
39412
39417
39416
39408
39422
39439
39401
39431
39432
39426
39404
39430
39403
39402
39429
39419
39434
39420
39425
39414
39424
39405
39423
39409
39418
39440
39410
39433
39415
39428
39435
39438
39413
39400
39380
39385
39390
39395
39397
39399
39370
39365
39364
39391
39371
39381
39376
39367
39372
39387
39375
39369
39382
39362
39377
39379
39386
39374
39396
39394
39389
39361
39392
39366
39393
39384
39368
39388
39398
39378
39383
39373
39363
39339
39349
39338
39323
39344
39346
39332
39322
39351
39328
39353
39336
39343
39326
39333
39357
39331
39358
39352
39347
39342
39341
39334
39325
39327
39329
39324
39359
39335
39337
39354
39355
39321
39345
39356
39348
39330
39350
39340
39360
39314
39313
39316
39319
39308
39309
39317
39311
39299
39300
39306
39304
39310
39291
39295
39305
39302
39296
39297
39288
39293
39289
39287
39294
39284
39318
39286
39301
39283
39315
39285
39320
39282
39290
39312
39292
39303
39298
39281
39307
39246
39255
39232
39274
39262
39264
39258
39268
39265
39280
39226
39244
39256
39241
39234
39259
39235
39228
39250
39272
39229
39270
39276
39238
39223
39240
39277
39252
39247
39253
39249
39278
39222
39271
39257
39251
39261
39273
39237
39225
39245
39269
39231
39267
39263
39233
39275
39239
39227
39242
39266
39243
39221
39279
39236
39254
39224
39230
39248
39260
39220
39200
39206
39184
39190
39196
39214
39203
39178
39208
39166
39170
39185
39197
39172
39182
39212
39194
39188
39164
39179
39202
39215
39191
39204
39192
39167
39180
39218
39176
39173
39174
39209
39199
39161
39175
39205
39168
39162
39210
39186
39211
39163
39195
39165
39169
39213
39219
39187
39198
39217
39171
39216
39181
39207
39177
39183
39201
39193
39189
39155
39158
39156
39159
39150
39160
39151
39147
39154
39141
39157
39145
39153
39142
39148
39144
39149
39143
39152
39146
39139
39127
39134
39138
39136
39140
39135
39126
39130
39137
39128
39131
39122
39124
39123
39129
39133
39121
39125
39132
39117
39118
39120
39102
39110
39113
39106
39115
39105
39119
39107
39109
39112
39116
39114
39101
39103
39099
39098
39094
39096
39095
39093
39089
39084
39085
39111
39088
39087
39083
39081
39108
39090
39100
39082
39097
39086
39104
39092
39091
39074
39054
39064
39069
39062
39059
39073
39058
39063
39044
39070
39050
39049
39045
39079
39055
39043
39048
39078
39071
39076
39072
39066
39077
39042
39068
39056
39047
39051
39053
39052
39065
39061
39080
39067
39041
39046
39075
39057
39060
39010
39040
39030
39038
39037
39032
39017
39008
39023
39022
39035
39019
39033
39005
39025
39036
39015
39003
39018
39009
39027
39002
39024
39014
39029
39006
39020
39013
39028
39001
39012
39034
39031
39007
39004
39011
39039
39026
39021
39016
38999
38978
38969
38994
38972
38987
38964
38989
38982
38984
38974
38977
38997
38967
38962
39000
38993
38980
38979
38988
38995
38983
38963
38992
38990
38965
38998
38976
38996
38971
38966
38981
38973
38986
38961
38968
38991
38985
38975
38970
38958
38934
38938
38928
38947
38957
38942
38948
38933
38953
38943
38944
38954
38952
38932
38937
38927
38922
38940
38950
38930
38955
38945
38959
38949
38929
38923
38960
38939
38925
38941
38951
38935
38921
38924
38936
38931
38946
38956
38926
38917
38919
38883
38908
38918
38916
38906
38901
38893
38903
38911
38913
38881
38914
38899
38896
38886
38898
38895
38889
38888
38891
38894
38884
38920
38890
38900
38904
38915
38910
38912
38909
38887
38882
38905
38907
38885
38897
38892
38902
38866
38856
38847
38873
38872
38852
38870
38880
38841
38851
38855
38857
38860
38862
38871
38844
38845
38850
38859
38863
38842
38876
38875
38843
38878
38867
38868
38861
38846
38877
38864
38854
38853
38858
38849
38869
38879
38874
38865
38848
38840
38837
38830
38835
38838
38825
38815
38802
38827
38817
38810
38834
38828
38836
38819
38812
38805
38833
38820
38822
38807
38814
38813
38818
38808
38832
38806
38816
38804
38803
38839
38823
38809
38801
38811
38826
38831
38821
38829
38824
38800
38772
38785
38790
38782
38797
38770
38780
38765
38795
38775
38792
38787
38767
38777
38799
38788
38779
38778
38789
38762
38794
38764
38783
38774
38763
38784
38781
38769
38798
38796
38771
38776
38793
38761
38768
38791
38786
38773
38766
38758
38754
38755
38756
38753
38751
38759
38748
38747
38744
38749
38746
38750
38757
38752
38743
38742
38760
38741
38745
38733
38725
38737
38723
38732
38739
38734
38740
38736
38729
38728
38721
38735
38727
38722
38731
38724
38726
38730
38738
38704
38720
38705
38702
38714
38703
38718
38716
38717
38715
38707
38710
38713
38719
38706
38711
38708
38701
38709
38712
38698
38681
38696
38693
38689
38685
38684
38697
38699
38700
38686
38695
38682
38691
38692
38694
38690
38683
38687
38688
99992
99999
99994
99995
99990
99997
99991
99988
99989
99985
99987
99993
99998
99983
99981
99982
99996
100000
99986
99984
99973
99966
99979
99965
99963
99975
99978
99974
99972
99970
99971
99977
99967
99962
99969
99968
99961
99976
99980
99964
99943
99947
99954
99959
99951
99948
99960
99952
99949
99957
99955
99946
99944
99956
99953
99950
99941
99945
99958
99942
99937
99921
99933
99934
99929
99925
99935
99930
99924
99932
99938
99931
99922
99923
99928
99927
99939
99940
99936
99926
99920
99907
99902
99919
