36389
36439
36427
36473
36517
36438
36498
36497
36649
36731
36742
36749
36742
36753
36761
36791
36817
36823
37041
37045
37053
37085
37093
37092
37091
37102
37106
37103
37136
37143
37149
37152
37156
37163
37175
37186
37185
37182
37181
37192
37193
37196
37231
37236
37240
37241
37262
37275
37289
37287
37296
37309
37302
37306
37349
37341
37351
37367
37382
37386
37391
37403
37412
37419
37423
37429
37439
37436
37451
37482
37463
37480
37524
37549
37502
37572
37583
37589
37597
37579
37581
37592
37591
37586
37571
37629
37607
37623
37649
37641
37640
37632
37639
37631
37647
37626
37671
37682
37685
37672
37746
37784
37751
37762
37826
37827
37816
37807
37829
37806
37813
37839
37847
37844
37809
37817
37831
37835
37815
37875
37856
37879
37857
37871
37941
37910
37914
37936
37927
37925
37945
37947
37949
37917
37913
37972
37961
37981
37983
37976
37953
37982
37986
37967
37963
38037
38041
38026
38017
38034
38035
38036
38047
38092
38095
38065
38052
38059
38075
38067
38057
38056
38072
38357
38436
38449
38406
38403
38421
38461
38458
38529
38517
38536
