27143
27126
27134
27142
27165
27189
27208
27254
27249
27236
27263
27245
27253
27237
27251
27286
27294
27309
27298
27308
27306
27283
27304
27284
27339
27324
27357
27351
27352
27371
27334
27338
27367
27361
27346
27356
27325
27358
27398
27401
27423
27378
27392
27381
27403
27386
27393
27426
27391
27409
27425
27397
27481
27476
27471
27464
27523
27524
27496
27536
27497
27495
27558
27538
27549
27544
27547
27573
27578
27574
27605
27603
27602
27609
27613
27643
27614
27624
27619
27625
27682
27683
27679
27646
27674
27651
27671
27703
27716
27731
27751
27732
27704
27746
27713
27783
27785
27805
27791
27803
27781
27807
27806
27784
27802
27761
27817
27814
27841
27825
27824
27851
27826
27908
27865
27864
27873
27913
27937
27917
27922
27947
27964
27967
27938
27963
27945
27925
27916
27928
27935
27942
27931
27941
27923
27921
27978
27991
27994
27974
27981
27993
