
27000
27029
27001
27019
27044
27005
27047
27016
27003
27026
27032
27041
27004
27011
27049
27020
27015
27007
27045
27033
27022
27043
27008
27017
27002
27009
27046
27018
27006
27035
27010
27021
27028
27036
27025
27030
27031
27037
27034
27012
27023
27039
27040
27027
27013
27024
27038
27042
27014
27048
27084
27053
27082
27064
27089
27087
27065
27074
27055
27071
27067
27063
27099
27070
27097
27051
27050
27075
27098
27056
27078
27059
27086
27076
27068
27091
27073
27061
27090
27072
27092
27083
27062
27079
27096
27058
27054
27081
27077
27080
27052
27088
27057
27093
27069
27066
27085
27094
27060
27095
27114
27121
27115
27128
27143
27142
27148
27146
27108
27138
27133
27113
27125
27131
27129
27120
27139
27141
27106
27144
27119
27126
27134
27116
27112
27149
27109
27101
27132
27117
27100
27110
27104
27103
27136
27135
27111
27102
27107
27118
27122
27124
27130
27105
27140
27127
27145
27123
27147
27137
27152
27175
27168
27176
27154
27159
27199
27189
27157
27173
27158
27160
27150
27172
27171
27180
27187
27165
27153
27192
27190
27155
27163
27197
27188
27183
27174
27151
27164
27186
27194
27156
27196
27177
27178
27191
27195
27179
27184
27166
27170
27185
27198
27161
27193
27167
27162
27182
27181
27169
27223
27241
27200
27204
27213
27211
27202
27227
27205
27240
27220
27207
27206
27217
27235
27237
27224
27229
27230
27219
27234
27242
27247
27248
27245
27226
27228
27238
27225
27221
27208
27232
27236
27203
27210
27231
27222
27212
27246
27215
27244
27201
27214
27239
27243
27216
27249
27209
27233
27218
27273
27256
27297
27275
27281
27260
27279
27272
27251
27252
27271
27295
27261
27253
27269
27282
27298
27296
27299
27290
27280
27286
27263
27294
27268
27285
27258
27278
27262
27288
27292
27284
27266
27291
27264
27274
27283
27287
27259
27277
27250
27267
27255
27265
27254
27289
27257
27293
27276
27270
27319
27328
27308
27301
27329
27332
27342
27318
27317
27315
27340
27305
27344
27310
27348
27312
27314
27306
27304
27345
27324
27347
27323
27321
27346
27311
27333
27337
27341
27307
27302
27303
27331
27335
27300
27334
27327
27316
27338
27313
27339
27330
27326
27336
27325
27320
27322
27309
27349
27343
27370
27394
27352
27390
27378
27367
27397
27386
27372
27366
27371
27393
27363
27379
27399
27375
27398
27382
27356
27354
27381
27373
27365
27395
27360
27383
27384
27364
27362
27369
27353
27391
27392
27368
27396
27385
27351
27361
27376
27374
27355
27380
27387
27350
27359
27389
27358
27388
27357
27377
27407
27408
27413
27427
27438
27410
27431
27405
27417
27421
27403
27449
27442
27441
27419
27430
27439
27418
27428
27435
27447
27445
27426
27434
27443
27401
27402
27425
27422
27432
27440
27415
27424
27412
27444
27416
27411
27400
27409
27420
27414
27436
27429
27446
27423
27406
27437
27448
27433
27404
27480
27484
27460
27494
27475
27499
27492
27495
27450
27474
27463
27467
27476
27461
27478
27498
27466
27455
27458
27468
27477
27496
27452
27472
27456
27462
27451
27491
27464
27482
27479
27469
27470
27457
27465
27486
27473
27493
27490
27487
27497
27459
27471
27453
27489
27488
27454
27481
27483
27485
27535
27528
27501
27545
27524
27531
27521
27541
27510
27540
27537
27522
27514
27517
27532
27536
27513
27534
27523
27526
27520
27507
27530
27504
27508
27544
27542
27516
27518
27527
27511
27519
27505
27533
27549
27503
27502
27515
27543
27529
27500
27506
27548
27546
27538
27547
27539
27512
27509
27525
27581
27586
27596
27569
27576
27587
27566
27556
27571
27597
27599
27558
27560
27565
27578
27552
27598
27570
27594
27551
27563
27577
27588
27591
27555
27557
27584
27553
27559
27589
27561
27593
27585
27554
27579
27573
27575
27582
27562
27583
27595
27580
27567
27574
27590
27568
27564
27550
27572
27592
27644
27647
27617
27635
27637
27646
27633
27636
27624
27643
27630
27612
27607
27634
27631
27639
27626
27623
27638
27629
27615
27622
27614
27625
27620
27649
27628
27605
27613
27627
27641
27648
27601
27642
27603
27600
27608
27618
27611
27602
27619
27604
27610
27640
27606
27616
27609
27645
27621
27632
27662
27693
27661
27655
27675
27674
27698
27658
27652
27678
27692
27653
27689
27664
27659
27694
27682
27686
27654
27650
27681
27671
27660
27690
27663
27687
27684
27665
27683
27651
27666
27670
27673
27688
27656
27672
27668
27697
27657
27685
27669
27677
27696
27680
27695
27679
27676
27699
27691
27667
27709
27721
27743
27745
27700
27719
27714
27706
27718
27722
27735
27740
27717
27744
27739
27702
27746
27716
27732
27713
27748
27703
27715
27712
27734
27704
27723
27742
27728
27737
27725
27736
27731
27701
27724
27708
27749
27727
27726
27733
27741
27747
27738
27729
27705
27711
27710
27707
27730
27720
27762
27794
27790
27793
27777
27779
27782
27755
27791
27764
27763
27769
27771
27752
27785
27767
27772
27784
27783
27766
27768
27774
27786
27756
27792
27789
27750
27799
27760
27761
27753
27797
27787
27776
27751
27754
27795
27757
27775
27796
27788
27770
27780
27758
27798
27781
27759
27773
27778
27765
27827
27807
27844
27842
27833
27829
27832
27803
27848
27808
27847
27831
27835
27822
27805
27810
27820
27824
27836
27806
27841
27837
27839
27817
27816
27809
27840
27834
27843
27804
27828
27812
27800
27811
27813
27845
27821
27802
27830
27823
27825
27815
27846
27819
27838
27826
27849
27814
27801
27818
27854
27880
27886
27876
27888
27850
27877
27865
27871
27881
27856
27862
27898
27885
27883
27892
27853
27889
27861
27890
27857
27868
27852
27860
27864
27899
27896
27891
27863
27895
27884
27894
27882
27873
27897
27875
27855
27859
27878
27893
27874
27858
27879
27867
27872
27887
27869
27866
27870
27851
27914
27902
27911
27924
27926
27909
27947
27944
27946
27933
27907
27908
27945
27934
27918
27937
27915
27912
27919
27931
27920
27929
27922
27935
27921
27932
27903
27942
27906
27949
27925
27939
27923
27916
27930
27928
27941
27927
27938
27948
27910
27905
27900
27943
27940
27901
27936
27917
27904
27961
27972
27959
27956
27966
27953
27978
27968
27997
27977
27992
27998
27964
27981
27986
27980
27995
27955
27957
27983
27993
27988
27982
27990
27974
27999
27991
27994
27996
27951
27973
27963
27971
27979
27985
27954
27962
27984
27967
27965
27950
27987
27989
27958
27969
27970
27976
27975
27952
27960
28034
28019
28010
28012
28028
28005
28017
28038
28000
28029
28022
28004
28044
28024
28031
28040
28007
28008
28043
28009
28046
28025
28023
28030
28048
28013
28035
28033
28036
28015
28045
28001
28014
28042
28041
28016
28006
28032
28027
28020
28011
28047
28026
28003
28037
28002
28039
28049
28018
28021
28061
28056
28098
28059
28067
28087
28091
28094
28090
28088
28079
28066
28063
28099
28058
28065
28072
28073
28097
28092
28081
28052
28055
28080
28084
28093
28070
28078
28089
28082
28074
28076
28051
28071
28064
28077
28086
28085
28054
28083
28053
28062
28060
28096
28069
28050
28095
28075
28068
28057
28139
28126
28131
28120
28140
28116
28129
28130
28101
28107
28128
28117
28134
28121
28104
28110
28135
28103
28109
28146
28149
28124
28138
28132
28141
28143
28145
28144
28137
28105
28102
28123
28127
28133
28114
28119
28122
28136
28147
28113
28108
28125
28115
28111
28118
28100
28112
28106
28142
28148
28193
28181
28177
28176
28155
28153
28157
28175
28152
28174
28196
28191
28169
28184
28192
28195
28160
28182
28194
28178
28199
28159
28186
28167
28185
28166
28183
28164
28187
28189
28179
28198
28197
28154
28161
28162
28163
28150
28173
28188
28190
28168
28172
28171
28158
28165
28170
28180
28151
28156
28209
28217
28244
28204
28225
28247
28210
28237
28248
28246
28213
28203
28228
28242
28227
28207
28218
28223
28215
28222
28214
28243
28208
28226
28239
28220
28221
28219
28235
28238
28241
28245
28202
28240
28234
28233
28249
28229
28236
28230
28231
28211
28216
28201
28205
28232
28212
28206
28224
28200
28297
28262
28255
28289
28266
28264
28257
28283
28254
28263
28291
28277
28259
28282
28287
28270
28269
28295
28256
28290
28286
28274
28268
28292
28285
28267
28275
28250
28278
28258
28284
28298
28299
28294
28251
28296
28272
28288
28271
28281
28280
28276
28273
28279
28260
28253
28265
28261
28293
28252
28310
28323
28340
28303
28307
28306
28324
28338
28328
28331
28312
28333
28337
28327
28304
28347
28317
28313
28300
28319
28344
28308
28320
28341
28315
28316
28314
28330
28335
28311
28302
28346
28309
28325
28348
28342
28339
28343
28301
28322
28329
28305
28318
28326
28334
28321
28349
28332
28345
28336
27913
28370
28397
28358
28382
28362
28367
28364
28355
28350
28391
28368
28395
28369
28380
28388
28378
28372
28371
28374
28359
28383
28360
28393
28363
28377
28389
28390
28375
28396
28356
28399
28354
28386
28353
28384
28387
28392
28381
28352
28361
28365
28376
28373
28366
28385
28357
28379
28398
28351
28394
28405
28404
28439
28409
28400
28416
28408
28412
28410
28427
28406
28402
28446
28419
28441
28421
28420
28403
28437
28426
28417
28414
28432
28429
28424
28448
28436
28435
28434
28418
28431
28415
28438
28422
28447
28433
28440
28442
28407
28445
28411
28401
28443
28425
28428
28423
28413
28444
28449
28430
28480
28474
28473
28499
28455
28464
28478
28468
28497
28483
28467
28484
28495
28492
28490
28479
28452
28482
28459
28453
28485
28454
28476
28487
28457
28486
28494
28460
28466
28491
28496
28475
28456
28493
28463
28477
28481
28450
28462
28451
28471
28458
28489
28498
28465
28472
28469
28470
28488
28461
28547
28524
28549
28537
28513
28543
28526
28534
28520
28512
28525
28511
28541
28542
28546
28522
28521
28528
28536
28505
28532
28527
28545
28500
28538
28516
28501
28504
28548
28519
28509
28518
28535
28514
28508
28533
28506
28540
28503
28515
28529
28523
28539
28517
28502
28530
28507
28544
28531
28510
28565
28573
28586
28596
28572
28587
28578
28583
28590
28582
28568
28599
28575
28566
28562
28551
28554
28553
28563
28593
28595
28552
28584
28576
28567
28556
28588
28594
28564
28559
28598
28558
28560
28592
28555
28571
28557
28589
28574
28591
28581
28570
28569
28561
28585
28597
28550
28580
28579
28577
28639
28613
28628
28604
28624
28630
28647
28609
28612
28646
28627
28636
28602
28649
28638
28625
28618
28645
28637
28610
28643
28603
28615
28633
28608
28629
28631
28623
28648
28611
28607
28635
28605
28622
28634
28619
28614
28617
28620
28626
28640
28600
28621
28644
28601
28606
28616
28641
28642
28632
28667
28696
28673
28657
28680
28676
28672
28666
28654
28699
28678
28652
28659
28688
28693
28671
28682
28679
28650
28658
28662
28692
28670
28663
28698
28655
28656
28695
28690
28689
28685
28694
28681
28651
28669
28697
28664
28675
28687
28686
28691
28674
28653
28677
28683
28660
28665
28661
28684
28668
28702
28729
28716
28728
28707
28717
28739
28718
28721
28722
28711
28738
28719
28735
28727
28724
28700
28712
28748
28704
28743
28747
28734
28701
28736
28720
28703
28713
28706
28708
28731
28741
28749
28745
28730
28742
28740
28726
28714
28737
28732
28725
28710
28709
28733
28744
28746
28723
28715
28705
28778
28760
28772
28751
28787
28758
28762
28797
28781
28759
28771
28753
28791
28799
28783
28750
28788
28754
28775
28773
28785
28764
28761
28765
28792
28777
28793
28794
28752
28784
28755
28798
28779
28780
28774
28768
28766
28795
28767
28770
28757
28786
28796
28769
28776
28789
28790
28782
28763
28756
28841
28840
28819
28843
28822
28805
28828
28827
28838
28837
28829
28847
28835
28830
28815
28824
28821
28806
28831
28811
28839
28845
28825
28833
28803
28809
28814
28812
28820
28808
28834
28802
28848
28804
28823
28826
28813
28816
28817
28810
28818
28846
28800
28842
28849
28801
28832
28844
28836
28807
28856
28876
28866
28851
28867
28865
28888
28862
28880
28873
28890
28855
28895
28875
28857
28899
28878
28877
28892
28861
28853
28887
28891
28885
28863
28869
28874
28894
28898
28868
28858
28864
28850
28884
28859
28870
28882
28893
28881
28852
28883
28871
28854
28886
28872
28896
28860
28897
28879
28889
28922
28911
28907
28900
28949
28931
28938
28947
28909
28902
28930
28934
28908
28917
28929
28937
28906
28940
28919
28918
28916
28923
28933
28948
28946
28925
28915
28935
28914
28912
28920
28910
28903
28901
28924
28927
28941
28932
28942
28913
28936
28926
28921
28939
28943
28928
28944
28905
28945
28904
28998
28984
28964
28954
28959
28990
28969
28974
28977
28955
28983
28962
28971
28976
28988
28999
28975
28952
28978
28973
28986
28995
28951
28967
28966
28956
28958
28970
28997
28993
28980
28985
28992
28960
28987
28963
28979
28950
28972
28953
28981
28961
28994
28996
28965
28991
28957
28968
28989
28982
29009
29008
29020
29022
29000
29021
29007
29035
29044
29014
29046
29010
29037
29003
29026
29025
29041
29048
29002
29006
29018
29019
29034
29049
29031
29013
29045
29016
29028
29038
29017
29040
29030
29029
29024
29043
29023
29033
29039
29036
29047
29001
29012
29032
29042
29011
29004
29005
29015
29027
29061
29068
29053
29071
29072
29076
29079
29093
29085
29063
29050
29060
29075
29090
29087
29073
29070
29059
29094
29081
29078
29058
29057
29088
29064
29065
29062
29056
29091
29051
29077
29052
29055
29089
29098
29054
29096
29099
29082
29066
29074
29067
29095
29084
29069
29092
29080
29083
29086
29097
29114
29125
29121
29105
29117
29111
29106
29107
29120
29108
29122
29148
29102
29123
29101
29134
29138
29136
29115
29113
29112
29137
29109
29146
29143
29100
29135
29139
29103
29118
29140
29104
29144
29147
29124
29149
29133
29116
29142
29130
29129
29131
29132
29128
29145
29126
29141
29110
29119
29127
29158
29184
29168
29167
29156
29170
29151
29152
29169
29155
29180
29193
29161
29150
29163
29196
29166
29192
29160
29183
29191
29199
29157
29165
29153
29194
29162
29171
29179
29197
29159
29190
29186
29182
29189
29174
29172
29178
29195
29188
29173
29175
29176
29181
29154
29187
29198
29185
29177
29164
29207
29222
29206
29211
29240
29201
29210
29200
29219
29213
29246
29214
29249
29202
29216
29229
29231
29205
29208
29204
29212
29215
29227
29244
29230
29239
29245
29232
29209
29220
29226
29221
29235
29203
29248
29237
29228
29243
29238
29241
29236
29224
29242
29217
29233
29247
29225
29218
29223
29234
29262
29257
29271
29272
29287
29263
29277
29282
29295
29298
29286
29297
29270
29267
29254
29268
29256
29294
29251
29288
29284
29289
29278
29291
29285
29253
29258
29275
29273
29293
29260
29250
29265
29252
29281
29276
29290
29255
29283
29279
29264
29266
29269
29259
29274
29296
29280
29261
29292
29299
29338
29344
29301
29327
29341
29323
29304
29333
29324
29315
29325
29328
29314
29306
29332
29305
29300
29313
29317
29342
29339
29311
29303
29329
29335
29348
29320
29307
29331
29336
29330
29319
29316
29343
29340
29337
29347
29321
29346
29310
29334
29349
29345
29318
29309
29322
29308
29312
29326
29302
29355
29356
29392
29388
29372
29371
29350
29382
29359
29358
29381
29397
29387
29391
29362
29394
29379
29377
29367
29370
29351
29399
29366
29398
29361
29374
29385
29380
29353
29373
29390
29376
29368
29357
29389
29396
29360
29369
29393
29378
29384
29395
29386
29375
29364
29352
29365
29354
29383
29363
29411
29435
29406
29431
29404
29420
29407
29409
29416
29424
29447
29438
29429
29430
29410
29423
29432
29413
29443
29427
29449
29440
29417
29402
29441
29412
29448
29401
29400
29428
29415
29436
29446
29419
29433
29444
29425
29445
29403
29408
29437
29439
29414
29422
29434
29405
29418
29421
29426
29442
29499
29473
29461
29480
29484
29458
29482
29462
29463
29474
29465
29492
29490
29459
29491
29455
29475
29494
29497
29483
29493
29487
29481
29466
29470
29454
29452
29489
29456
29451
29468
29460
29450
29453
29498
29495
29469
29479
29488
29478
29464
29471
29472
29477
29485
29457
29476
29486
29467
29496
29522
29512
29515
29529
29528
29511
29534
29519
29536
29523
29517
29526
29543
29524
29533
29516
29527
29506
29530
29502
29538
29514
29548
29503
29518
29521
29547
29546
29509
29540
29507
29508
29525
29532
29531
29542
29510
29544
29505
29545
29520
29535
29500
29541
29539
29504
29501
29513
29537
29549
29592
29595
29586
29584
29564
29594
29580
29574
29598
29577
29581
29585
29587
29589
29551
29573
29568
29565
29567
29590
29555
29576
29582
29552
29562
29559
29558
29553
29597
29593
29572
29583
29560
29571
29578
29554
29596
29588
29599
29556
29570
29550
29563
29566
29575
29569
29561
29591
29557
29579
29637
29623
29626
29603
29646
29625
29607
29617
29641
29649
29631
29634
29639
29619
29622
29604
29621
29601
29610
29632
29602
29627
29636
29628
29609
29648
29630
29600
29642
29635
29640
29643
29624
29620
29611
29616
29633
29615
29645
29618
29612
29629
29608
29638
29606
29613
29644
29605
29647
29614
29650
29657
29662
29671
29677
29699
29667
29689
29697
29665
29696
29678
29661
29655
29693
29653
29690
29656
29682
29664
29663
29669
29694
29679
29666
29692
29652
29660
29698
29686
29670
29695
29685
29675
29687
29676
29691
29688
29680
29659
29672
29654
29683
29681
29658
29651
29668
29674
29684
29673
29716
29710
29718
29705
29708
29721
29743
29702
29713
29717
29700
29725
29748
29701
29747
29727
29730
29722
29738
29733
29739
29737
29746
29744
29734
29703
29728
29724
29714
29741
29706
29742
29719
29711
29704
29729
29707
29709
29735
29723
29720
29736
29712
29740
29732
29715
29745
29731
29726
29749
29790
29770
29757
29777
29760
29761
29785
29766
29776
29768
29784
29767
29756
29769
29762
29751
29755
29771
29775
29759
29753
29765
29772
29796
29758
29793
29783
29795
29754
29752
29750
29780
29797
29781
29794
29789
29779
29774
29787
29799
29778
29788
29786
29773
29791
29792
29764
29763
29782
29798
29801
29814
29842
29847
29840
29803
29830
29817
29812
29823
29849
29821
29818
29813
29841
29837
29824
29827
29833
29811
29829
29848
29838
29826
29802
29815
29843
29835
29810
29834
29816
29807
29832
29844
29822
29828
29806
29839
29836
29800
29808
29809
29819
29804
29845
29831
29820
29805
29825
29846
29859
29861
29853
29856
29897
29852
29876
29899
29857
29896
29887
29865
29895
29850
29879
29869
29862
29871
29860
29883
29866
29872
29888
29864
29884
29851
29877
29889
29873
29881
29893
29878
29880
29855
29854
29863
29892
29886
29890
29894
29874
29898
29867
29858
29868
29870
29891
29875
29885
29882
29910
29916
29935
29914
29920
29903
29931
29930
29948
29922
29905
29921
29938
29928
29934
29908
29941
29947
29909
29944
29927
29924
29940
29906
29933
29904
29937
29923
29936
29919
29945
29911
29902
29925
29900
29943
29926
29918
29915
29932
29907
29949
29913
29917
29901
29946
29929
29942
29912
29939
29967
29991
29959
29961
29965
29962
29968
29990
29977
29988
29951
29992
29954
29997
29989
29953
29996
29970
29994
29983
29987
29974
29952
29972
29982
29999
29985
29973
29950
29971
29986
29955
29958
29957
29966
29956
29995
29964
29984
29998
29969
29979
29981
29978
29963
29976
29960
29980
29993
29975
30013
30003
30015
30012
30023
30008
30047
30006
30048
30019
30045
30009
30020
30037
30014
30005
30036
30030
30016
30035
30007
30046
30044
30004
30042
30001
30043
30040
30018
30034
30000
30021
30026
30039
30025
30017
30028
30024
30041
30038
30032
30010
30033
30031
30002
30027
30029
30011
30022
30049
30081
30065
30054
30058
30094
30059
30050
30091
30095
30067
30057
30096
30056
30088
30099
30074
30090
30073
30061
30084
30071
30086
30051
30075
30064
30089
30077
30087
30055
30085
30098
30063
30078
30079
30066
30070
30082
30083
30062
30053
30093
30060
30069
30092
30068
30076
30052
30080
30097
30072
30101
30149
30119
30103
30114
30108
30143
30107
30139
30105
30128
30147
30113
30140
30141
30115
30112
30136
30127
30110
30100
30126
30144
30137
30118
30111
30131
30123
30122
30117
30134
30146
30124
30104
30133
30135
30106
30102
30121
30132
30148
30130
30145
30109
30116
30138
30142
30125
30120
30129
30186
30185
30180
30159
30188
30171
30155
30161
30151
30163
30197
30166
30174
30192
30196
30187
30182
30157
30154
30169
30172
30190
30153
30177
30167
30179
30158
30194
30156
30173
30183
30176
30168
30199
30162
30195
30189
30181
30170
30178
30175
30191
30150
30152
30160
30184
30193
30164
30198
30165
30211
30242
30233
30208
30200
30216
30203
30205
30234
30225
30202
30209
30229
30241
30240
30220
30215
30221
30219
30239
30246
30207
30222
30210
30204
30244
30245
30235
30206
30224
30247
30218
30230
30212
30201
30226
30228
30249
30243
30217
30237
30232
30223
30213
30231
30227
30238
30236
30248
30214
30298
30290
30277
30291
30270
30272
30293
30268
30297
30258
30257
30283
30284
30271
30253
30265
30251
30263
30281
30255
30252
30260
30254
30285
30264
30269
30288
30295
30279
30274
30266
30280
30292
30286
30282
30275
30287
30276
30256
30294
30262
30299
30261
30278
30267
30289
30250
30259
30273
30296
30315
30348
30300
30345
30342
30339
30323
30307
30325
30314
30322
30318
30341
30301
30312
30344
30316
30305
30306
30343
30329
30308
30333
30313
30303
30330
30328
30321
30304
30310
30349
30327
30302
30326
30320
30332
30337
30336
30331
30334
30319
30338
30324
30346
30335
30340
30309
30347
30311
30317
30389
30357
30386
30392
30354
30380
30364
30373
30388
30378
30359
30350
30394
30383
30376
30351
30396
30360
30371
30368
30361
30384
30367
30352
30398
30358
30362
30390
30385
30387
30391
30393
30374
30379
30377
30375
30381
30382
30395
30353
30355
30397
30366
30356
30363
30370
30365
30372
30369
30399
30418
30414
30422
30416
30445
30443
30442
30437
30425
30408
30427
30404
30410
30444
30409
30419
30433
30447
30435
30448
30432
30402
30424
30429
30420
30406
30440
30405
30412
30449
30411
30426
30413
30421
30428
30431
30439
30430
30446
30436
30434
30400
30438
30407
30423
30441
30403
30401
30415
30417
30474
30473
30466
30465
30483
30481
30472
30488
30482
30461
30495
30450
30455
30451
30486
30484
30491
30470
30464
30499
30485
30479
30460
30480
30471
30489
30476
30453
30478
30493
30468
30490
30452
30487
30475
30456
30477
30462
30467
30454
30497
30457
30498
30458
30494
30469
30463
30496
30492
30459
30518
30512
30521
30536
30522
30537
30524
30507
30520
30538
30549
30540
30505
30508
30545
30530
30532
30547
30539
30543
30544
30503
30502
30517
30542
30500
30513
30533
30529
30541
30548
30523
30526
30509
30516
30527
30511
30510
30514
30506
30535
30528
30531
30534
30546
30515
30525
30501
30504
30519
30570
30578
30567
30554
30588
30550
30580
30577
30590
30560
30597
30555
30589
30572
30574
30558
30565
30568
30563
30594
30571
30557
30569
30553
30584
30591
30575
30587
30581
30564
30562
30561
30583
30551
30556
30579
30585
30576
30596
30592
30586
30573
30595
30566
30593
30552
30559
30582
30598
30599
30602
30614
30620
30603
30608
30613
30601
30639
30621
30618
30606
30605
30646
30611
30610
30641
30600
30647
30648
30607
30604
30630
30609
30624
30622
30616
30627
30637
30638
30617
30649
30642
30644
30640
30619
30625
30628
30645
30634
30632
30623
30635
30633
30626
30612
30643
30615
30629
30631
30636
30685
30651
30688
30675
30666
30656
30684
30695
30661
30652
30663
30686
30665
30681
30655
30671
30683
30676
30672
30697
30679
30654
30674
30669
30680
30662
30650
30667
30657
30690
30678
30692
30699
30668
30659
30658
30673
30687
30696
30693
30670
30682
30653
30691
30694
30664
30698
30660
30689
30677
30708
30709
30702
30707
30728
30733
30717
30740
30712
30721
30723
30744
30705
30701
30734
30700
30706
30714
30738
30704
30730
30743
30722
30749
30727
30718
30711
30710
30703
30741
30736
30720
30716
30725
30724
30747
30713
30742
30739
30737
30729
30719
30735
30731
30715
30726
30746
30745
30732
30748
30752
30776
30778
30780
30760
30753
30788
30791
30798
30790
30797
30751
30769
30777
30754
30794
30774
30767
30770
30773
30775
30782
30786
30757
30796
30771
30761
30763
30762
30765
30793
30784
30758
30783
30768
30789
30755
30764
30766
30781
30787
30795
30772
30792
30756
30779
30750
30799
30759
30785
30807
30814
30801
30845
30847
30849
30839
30800
30838
30819
30810
30811
30829
30834
30828
30808
30813
30804
30830
30803
30820
30815
30835
30833
30822
30812
30827
30841
30844
30840
30823
30805
30824
30821
30825
30809
30802
30836
30818
30831
30848
30806
30837
30826
30832
30817
30842
30816
30846
30843
30872
30891
30878
30890
30898
30877
30871
30864
30889
30850
30879
30867
30899
30876
30874
30895
30875
30873
30894
30859
30854
30862
30851
30886
30852
30868
30869
30866
30883
30870
30884
30888
30863
30887
30880
30882
30853
30855
30893
30856
30885
30860
30897
30858
30865
30892
30857
30881
30861
30896
30909
30935
30918
30933
30914
30906
30944
30905
30916
30942
30930
30926
30924
30902
30922
30928
30917
30904
30936
30940
30908
30921
30932
30910
30903
30931
30929
30937
30948
30938
30934
30927
30920
30911
30923
30947
30913
30907
30915
30941
30912
30943
30945
30946
30939
30900
30925
30901
30919
30949
30979
30981
30961
30963
30967
30964
30965
30952
30972
30960
30999
30984
30951
30950
30985
30956
30983
30957
30962
30993
30954
30953
30990
30989
30959
30958
30986
30974
30968
30982
30987
30966
30992
30996
30988
30991
30975
30997
30980
30976
30977
30978
30971
30973
30969
30970
30995
30998
30955
30994
31042
31044
31030
31007
31021
31012
31004
31039
31002
31023
31014
31024
31032
31003
31017
31037
31000
31049
31047
31018
31033
31019
31038
31015
31005
31041
31029
31035
31011
31027
31045
31048
31013
31010
31031
31046
31028
31034
31020
31016
31040
31026
31008
31036
31001
31006
31022
31043
31009
31025
31058
31081
31054
31059
31070
31097
31066
31074
31086
31053
31055
31083
31051
31069
31052
31067
31088
31060
31068
31062
31050
31098
31087
31075
31061
31072
31082
31089
31064
31099
31065
31057
31094
31071
31076
31056
31093
31073
31077
31091
31079
31090
31095
31063
31078
31085
31080
31092
31084
31096
31142
31129
31122
31128
31110
31107
31144
31109
31133
31106
31149
31101
31136
31141
31105
31103
31102
31132
31135
31124
31146
31134
31130
31138
31137
31117
31131
31147
31111
31119
31145
31118
31114
31108
31104
31112
31140
31126
31120
31148
31100
31115
31123
31127
31113
31143
31116
31125
31139
31121
31191
31196
31181
31176
31170
31162
31185
31197
31172
31165
31187
31160
31194
31173
31189
31174
31190
31167
31163
31180
31159
31164
31166
31195
31182
31161
31183
31193
31188
31157
31184
31150
31192
31177
31152
31186
31158
31155
31171
31178
31156
31168
31198
31179
31199
31169
31151
31154
31153
31175
31217
31232
31203
31213
31209
31204
31220
31231
31211
31201
31224
31245
31233
31215
31234
31244
31202
31219
31226
31225
31247
31207
31243
31216
31239
31218
31200
31237
31246
31214
31236
31206
31241
31227
31223
31208
31249
31240
31248
31242
31235
31205
31229
31230
31221
31212
31210
31238
31222
31228
31286
31283
31275
31285
31250
31273
31277
31271
31280
31262
31294
31272
31299
31264
31253
31276
31268
31256
31292
31266
31263
31291
31296
31269
31289
31278
31279
31297
31288
31252
31258
31270
31274
31290
31284
31287
31261
31282
31293
31255
31254
31257
31265
31251
31267
31260
31259
31295
31298
31281
31315
31328
31307
31319
31340
31332
31308
31314
31349
31302
31348
31324
31313
31334
31330
31333
31326
31323
31347
31318
31331
31343
31322
31325
31338
31335
31344
31321
31346
31342
31316
31311
31320
31337
31309
31306
31305
31310
31303
31327
31329
31341
31345
31300
31312
31304
31317
31339
31301
31336
31374
31388
31361
31351
31392
31382
31355
31390
31371
31394
31384
31385
31375
31364
31377
31397
31383
31358
31379
31359
31376
31393
31381
31357
31350
31387
31398
31370
31356
31365
31391
31372
31362
31363
31380
31354
31373
31389
31366
31399
31395
31360
31368
31369
31396
31367
31353
31386
31352
31378
31406
31408
31417
31415
31419
31411
31407
31403
31414
31443
31412
31413
31428
31404
31430
31416
31437
31446
31442
31402
31447
31440
31441
31400
31426
31431
31429
31448
31436
31421
31445
31444
31449
31433
31401
31425
31424
31409
31432
31405
31423
31434
31435
31422
31410
31420
31438
31418
31427
31439
31470
31464
31467
31487
31498
31479
31459
31477
31492
31456
31465
31497
31484
31480
31478
31466
31461
31473
31475
31462
31476
31450
31454
31499
31490
31451
31488
31489
31453
31485
31471
31463
31495
31457
31460
31483
31455
31482
31491
31458
31481
31468
31469
31496
31494
31474
31472
31452
31486
31493
31543
31519
31521
31535
31544
31518
31547
31540
31529
31536
31546
31507
31517
31539
31500
31501
31531
31526
31525
31533
31545
31509
31523
31530
31538
31512
31514
31549
31503
31542
31532
31528
31522
31537
31520
31510
31504
31516
31548
31502
31515
31534
31508
31505
31541
31513
31511
31506
31527
31524
31586
31567
31550
31551
31563
31558
31569
31554
31598
31596
31553
31585
31591
31599
31579
31568
31556
31597
31594
31587
31593
31589
31572
31577
31590
31592
31561
31570
31562
31555
31588
31574
31583
31582
31552
31581
31576
31557
31559
31578
31560
31580
31575
31566
31571
31573
31584
31595
31565
31564
31622
31606
31620
31634
31643
31616
31625
31642
31631
31623
31630
31613
31618
31632
31611
31636
31639
31619
31621
31605
31615
31602
31617
31609
31610
31614
31644
31628
31600
31612
31640
31627
31601
31633
31645
31649
31603
31607
31641
31624
31626
31647
31638
31604
31637
31646
31629
31608
31635
31648
31662
31692
31682
31665
31663
31671
31651
31659
31654
31664
31669
31652
31650
31660
31653
31691
31655
31681
31658
31656
31667
31657
31666
31661
31674
31693
31679
31695
31699
31673
31675
31670
31678
31680
31686
31698
31687
31668
31683
31696
31689
31694
31684
31685
31688
31690
31676
31697
31677
31672
31744
31706
31724
31719
31704
31731
31745
31735
31741
31737
31705
31729
31747
31703
31714
31702
31726
31713
31708
31701
31732
31739
31728
31715
31711
31736
31738
31733
31748
31722
31734
31721
31742
31725
31743
31707
31716
31730
31709
31749
31740
31700
31718
31712
31720
31727
31710
31717
31746
31723
31799
31787
31770
31788
31782
31765
31796
31794
31760
31755
31797
31774
31761
31754
31789
31784
31776
31792
31780
31786
31763
31779
31785
31771
31772
31769
31773
31775
31777
31753
31783
31750
31791
31756
31778
31781
31752
31757
31768
31751
31790
31798
31758
31795
31793
31766
31762
31767
31759
31764
31818
31829
31837
31821
31815
31822
31840
31845
31835
31813
31802
31823
31848
31833
31834
31832
31807
31847
31831
31820
31841
31809
31806
31819
31846
31838
31843
31839
31825
31830
31803
31849
31804
31811
31836
31827
31800
31801
31816
31824
31844
31808
31805
31842
31826
31817
31828
31812
31814
31810
31866
31852
31876
31867
31863
31870
31893
31877
31851
31887
31892
31853
31882
31894
31850
31895
31879
31875
31868
31880
31878
31873
31864
31860
31871
31855
31854
31862
31889
31858
31896
31861
31888
31874
31859
31856
31897
31881
31865
31891
31857
31869
31899
31890
31883
31898
31884
31872
31886
31885
31935
31928
31949
31944
31938
31919
31910
31906
31908
31901
31948
31912
31947
31931
31900
31932
31921
31925
31943
31907
31936
31911
31933
31941
31934
31904
31902
31927
31924
31917
31939
31926
31918
31937
31922
31920
31929
31914
31945
31942
31923
31915
31903
31946
31940
31905
31909
31916
31913
31930
31994
31951
31959
31967
31965
31976
31955
31966
31983
31960
31961
31984
31979
31987
31978
31963
31972
31970
31974
31957
31988
31975
31980
31956
31954
31997
31973
31996
31989
31995
31962
31998
31990
31991
31981
31971
31999
31986
31953
31968
31952
31969
31992
31993
31950
31985
31982
31964
31977
31958
32009
32004
32049
32014
32007
32021
32046
32018
32001
32043
32039
32005
32011
32024
32015
32042
32026
32045
32016
32022
32027
32044
32013
32012
32034
32003
32010
32038
32002
32028
32000
32030
32048
32037
32023
32025
32008
32029
32020
32017
32036
32031
32006
32041
32047
32040
32035
32019
32032
32090
32072
32092
32056
32079
32081
32062
32089
32060
32094
32078
32053
32051
32061
32075
32050
32097
32063
32093
32057
32069
32067
32091
32059
32073
32055
32058
32065
32066
32088
32054
32096
32087
32052
32095
32077
32083
32076
32098
32085
32071
32084
32070
32086
32080
32064
32074
32099
32068
32082
32123
32114
32121
32138
32112
32133
32130
32108
32128
32105
32136
32101
32106
32113
32109
32115
32140
32139
32110
32148
32107
32120
32135
32129
32149
32127
32144
32125
32116
32104
32124
32111
32131
32141
32103
32100
32132
32117
32146
32145
32143
32122
32137
32142
32126
32134
32147
32119
32118
32102
32184
32175
32190
32197
32157
32183
32174
32182
32168
32189
32191
32156
32151
32194
32155
32169
32186
32166
32196
32170
32162
32195
32193
32188
32161
32152
32160
32178
32199
32180
32176
32177
32171
32179
32153
32150
32198
32163
32164
32187
32165
32167
32173
32172
32192
32159
32154
32158
32185
32181
32218
32235
32224
32241
32232
32201
32247
32207
32203
32222
32221
32237
32230
32234
32239
32204
32245
32244
32233
32216
32206
32215
32200
32223
32228
32248
32205
32225
32209
32229
32240
32214
32208
32210
32238
32227
32242
32213
32249
32219
32202
32217
32226
32246
32243
32231
32212
32220
32211
32236
32268
32251
32266
32263
32253
32283
32288
32262
32294
32289
32291
32278
32267
32299
32250
32292
32256
32296
32281
32261
32264
32277
32254
32260
32265
32286
32259
32279
32272
32252
32295
32290
32280
32285
32274
32275
32269
32287
32273
32282
32270
32284
32255
32293
32271
32276
32258
32297
32298
32257
32339
32312
32331
32303
32317
32302
32321
32315
32334
32318
32314
32335
32310
32342
32300
32307
32319
32323
32332
32346
32348
32336
32304
32306
32322
32333
32313
32344
32345
32340
32311
32324
32309
32330
32326
32349
32329
32347
32328
32305
32316
32320
32325
32341
32327
32338
32343
32301
32337
32308
32353
32397
32354
32357
32356
32363
32392
32399
32393
32355
32378
32364
32362
32360
32384
32381
32382
32361
32387
32373
32385
32395
32379
32359
32365
32369
32370
32375
32389
32351
32374
32367
32396
32377
32388
32358
32352
32398
32380
32371
32394
32386
32390
32368
32383
32391
32376
32372
32350
32366
32414
32409
32430
32439
32408
32411
32422
32426
32400
32412
32433
32431
32413
32424
32419
32401
32423
32440
32434
32427
32406
32446
32404
32432
32447
32410
32428
32449
32415
32407
32436
32425
32421
32417
32445
32443
32403
32416
32429
32437
32405
32441
32444
32438
32435
32418
32442
32448
32420
32402
32470
32486
32477
32483
32481
32471
32473
32456
32452
32458
32499
32480
32495
32469
32460
32454
32468
32472
32478
32463
32492
32474
32457
32490
32453
32461
32484
32455
32493
32451
32479
32459
32496
32466
32476
32491
32487
32488
32467
32497
32465
32482
32485
32464
32494
32489
32450
32498
32462
32475
32501
32502
32507
32535
32533
32510
32517
32522
32539
32519
32523
32531
32534
32536
32513
32526
32521
32524
32542
32505
32512
32548
32509
32532
32546
32549
32528
32500
32525
32544
32538
32520
32540
32537
32541
32530
32508
32504
32547
32511
32527
32514
32545
32518
32506
32543
32503
32529
32516
32515
32569
32584
32557
32579
32559
32599
32570
32566
32555
32572
32594
32581
32582
32585
32596
32592
32552
32577
32550
32564
32562
32597
32560
32587
32565
32595
32589
32571
32568
32583
32574
32553
32561
32573
32586
32578
32558
32551
32563
32593
32554
32591
32580
32576
32556
32575
32567
32598
32590
32588
32641
32648
32631
32629
32600
32637
32633
32610
32617
32614
32635
32613
32643
32618
32640
32649
32611
32639
32607
32636
32627
32606
32646
32604
32628
32632
32620
32630
32602
32616
32612
32605
32609
32644
32625
32647
32638
32642
32619
32626
32624
32603
32615
32623
32645
32621
32608
32634
32601
32622
32662
32656
32685
32651
32684
32682
32695
32688
32693
32698
32654
32659
32674
32699
32653
32677
32691
32692
32661
32652
32680
32663
32658
32697
32660
32655
32666
32657
32669
32665
32668
32672
32681
32690
32676
32694
32687
32678
32670
32664
32679
32667
32650
32683
32689
32686
32675
32696
32671
32673
32705
32715
32700
32701
32707
32740
32720
32727
32744
32718
32712
32713
32734
32726
32733
32725
32714
32748
32729
32730
32742
32731
32719
32749
32710
32745
32702
32722
32736
32723
32711
32717
32746
32721
32708
32709
32738
32724
32747
32703
32728
32737
32741
32732
32716
32739
32706
32704
32743
32735
32754
32759
32755
32761
32778
32769
32752
32756
32766
32758
32757
32763
32789
32767
32765
32764
32790
32792
32753
32779
32771
32797
32798
32773
32776
32772
32787
32751
32770
32760
32783
32774
32791
32762
32782
32750
32781
32777
32785
32795
32794
32796
32784
32786
32788
32799
32775
32768
32793
32780
32849
32814
32837
32839
32819
32804
32809
32801
32828
32832
32816
32833
32818
32829
32840
32806
32805
32834
32827
32846
32844
32847
32821
32826
32848
32836
32842
32845
32803
32823
32822
32815
32811
32838
32807
32812
32820
32810
32830
32843
32825
32831
32817
32813
32835
32841
32802
32800
32808
32824
32855
32872
32854
32862
32883
32866
32892
32891
32895
32894
32889
32856
32877
32867
32885
32853
32887
32888
32880
32875
32852
32851
32857
32859
32850
32893
32858
32864
32865
32879
32890
32882
32876
32869
32870
32881
32871
32886
32897
32878
32863
32873
32899
32868
32860
32896
32884
32874
32898
32861
32915
32913
32910
32935
32949
32922
32912
32928
32908
32926
32932
32919
32914
32900
32925
32937
32943
32921
32929
32936
32944
32938
32903
32924
32946
32933
32947
32906
32942
32901
32931
32918
32911
32930
32934
32948
32907
32916
32920
32939
32905
32923
32909
32917
32902
32904
32941
32940
32927
32945
32967
32951
32999
32955
32979
32978
32994
32965
32990
32975
32989
32957
32970
32995
32971
32974
32952
32973
32980
32960
32985
32993
32984
32972
32962
32977
32958
32982
32959
32968
32950
32987
32963
32998
32991
32992
32996
32966
32981
32983
32956
32961
32988
32976
32953
32997
32969
32986
32954
32964
33011
33045
33019
33024
33049
33018
33047
33008
33012
33043
33004
33033
33029
33021
33023
33001
33040
33035
33009
33014
33028
33002
33005
33022
33037
33031
33042
33016
33030
33046
33006
33000
33003
33017
33015
33010
33013
33032
33044
33039
33025
33038
33036
33026
33034
33020
33027
33007
33048
33041
33070
33097
33057
33058
33061
33063
33086
33088
33066
33098
33068
33087
33090
33072
33051
33089
33052
33093
33054
33081
33065
33079
33096
33077
33067
33092
33084
33056
33053
33055
33064
33062
33091
33095
33069
33078
33050
33085
33071
33094
33082
33099
33076
33080
33060
33059
33074
33083
33075
33073
33131
33134
33141
33130
33110
33119
33116
33127
33133
33121
33145
33149
33103
33105
33100
33106
33132
33142
33124
33101
33148
33107
33146
33123
33129
33140
33136
33137
33126
33139
33120
33102
33147
33135
33117
33112
33118
33113
33115
33128
33125
33114
33111
33108
33143
33122
33138
33104
33144
33109
33153
33166
33154
33164
33163
33190
33180
33160
33181
33199
33151
33171
33152
33178
33162
33168
33185
33177
33176
33159
33188
33169
33155
33187
33172
33186
33173
33165
33196
33183
33189
33182
33170
33175
33194
33197
33184
33157
33158
33192
33195
33191
33150
33156
33198
33193
33174
33179
33161
33167
33225
33248
33228
33234
33215
33231
33207
33219
33212
33230
33232
33243
33237
33233
33244
33218
33235
33245
33247
33220
33224
33236
33200
33216
33204
33221
33246
33210
33223
33202
33211
33203
33208
33213
33214
33242
33226
33222
33241
33205
33206
33209
33217
33229
33249
33227
33239
33240
33238
33201
33290
33277
33272
33297
33279
33251
33262
33257
33254
33296
33283
33261
33295
33266
33278
33299
33269
33294
33271
33263
33276
33275
33265
33255
33258
33293
33252
33267
33285
33298
33253
33280
33291
33282
33274
33286
33281
33289
33273
33259
33260
33284
33256
33292
33288
33270
33287
33264
33250
33268
33330
33323
33306
33315
33335
33333
33321
33338
33313
33340
33302
33318
33322
33336
33307
33346
33312
33337
33320
33328
33343
33316
33304
33331
33324
33334
33329
33305
33341
33310
33344
33301
33319
33308
33325
33348
33311
33303
33332
33342
33349
33347
33317
33326
33314
33300
33339
33345
33309
33327
33378
33367
33399
33390
33357
33352
33398
33376
33358
33353
33397
33350
33377
33383
33364
33370
33355
33396
33395
33381
33360
33363
33380
33369
33362
33388
33389
33359
33387
33356
33393
33375
33368
33373
33386
33374
33354
33394
33391
33351
33371
33361
33365
33366
33372
33384
33385
33392
33379
33382
33411
33448
33427
33419
33416
33443
33404
33412
33428
33435
33418
33438
33441
33433
33430
33417
33424
33423
33425
33436
33422
33405
33440
33447
33442
33432
33407
33420
33434
33400
33408
33439
33446
33429
33406
33401
33444
33415
33445
33413
33414
33402
33421
33403
33437
33409
33449
33410
33431
33426
33466
33462
33494
33451
33450
33470
33481
33457
33489
33477
33467
33475
33453
33463
33479
33483
33468
33460
33472
33495
33456
33464
33478
33496
33473
33492
33491
33487
33498
33455
33486
33461
33458
33482
33452
33493
33476
33459
33485
33454
33480
33465
33499
33490
33474
33469
33497
33484
33488
33471
33533
33519
33505
33521
33503
33518
33508
33511
33539
33522
33536
33507
33523
33542
33509
33538
33535
33500
33515
33529
33532
33517
33526
33543
33513
33502
33528
33549
33525
33548
33527
33504
33541
33547
33514
33520
33546
33540
33534
33531
33501
33524
33530
33544
33510
33506
33537
33516
33512
33545
33569
33589
33553
33598
33554
33578
33568
33560
33565
33573
33586
33590
33597
33583
33592
33551
33588
33563
33558
33574
33599
33559
33571
33579
33582
33576
33594
33550
33587
33570
33564
33566
33561
33580
33577
33562
33556
33596
33557
33591
33593
33555
33552
33572
33595
33585
33575
33581
33567
33584
33629
33612
33609
33633
33626
33641
33601
33627
33636
33637
33618
33620
33611
33628
33600
33646
33619
33616
33632
33603
33634
33648
33649
33622
33643
33606
33613
33644
33635
33640
33605
33621
33623
33630
33624
33608
33625
33642
33645
33638
33610
33639
33604
33647
33614
33602
33631
33615
33617
33607
33651
33665
33698
33687
33691
33666
33673
33650
33694
33659
33663
33664
33669
33668
33672
33654
33653
33674
33689
33680
33677
33681
33686
33693
33658
33684
33696
33679
33670
33657
33678
33667
33660
33685
33697
33688
33682
33695
33662
33692
33661
33690
33675
33699
33683
33676
33652
33671
33656
33655
33701
33707
33733
33729
33726
33706
33718
33714
33716
33708
33700
33745
33711
33717
33741
33734
33744
33704
33749
33702
33735
33723
33737
33743
33731
33742
33713
33727
33703
33732
33721
33740
33705
33725
33724
33746
33715
33719
33747
33748
33736
33720
33712
33722
33730
33738
33739
33709
33728
33710
33772
33753
33763
33765
33771
33786
33783
33760
33789
33773
33766
33787
33768
33751
33767
33761
33784
33782
33781
33757
33755
33791
33764
33769
33752
33758
33778
33762
33759
33750
33788
33795
33779
33777
33792
33780
33775
33785
33794
33776
33796
33798
33770
33756
33774
33797
33799
33754
33790
33793
33840
33828
33829
33835
33802
33810
33804
33801
33832
33842
33819
33811
33831
33838
33807
33800
33820
33844
33845
33809
33803
33833
33846
33806
33822
33825
33826
33821
33824
33830
33813
33847
33827
33841
33837
33836
33816
33818
33834
33814
33817
33823
33839
33812
33849
33843
33848
33808
33815
33805
33863
33897
33877
33887
33865
33876
33886
33861
33895
33884
33867
33898
33873
33856
33852
33892
33851
33860
33857
33893
33891
33854
33888
33872
33858
33853
33866
33870
33869
33890
33894
33862
33875
33885
33859
33881
33871
33883
33864
33899
33896
33868
33880
33855
33882
33878
33850
33874
33879
33889
33922
33912
33941
33911
33926
33930
33938
33904
33937
33925
33900
33933
33944
33901
33914
33936
33915
33903
33945
33909
33918
33902
33908
33947
33919
33923
33932
33948
33928
33920
33939
33907
33942
33917
33913
33906
33934
33940
33924
33931
33943
33929
33935
33927
33949
33946
33916
33910
33905
33921
33962
33951
33986
33957
33966
33973
33971
33997
33996
33958
33953
33959
33987
33977
33993
33978
33984
33983
33999
33950
33969
33979
33992
33990
33954
33974
33956
33964
33970
33994
33980
33991
33982
33972
33960
33975
33998
33976
33988
33981
33985
33955
33995
33967
33968
33965
33989
33963
33961
33952
34039
34045
34026
34002
34003
34021
34010
34036
34029
34034
34004
34006
34037
34008
34017
34014
34016
34001
34022
34040
34019
34018
34033
34041
34009
34013
34038
34012
34043
34047
34023
34024
34032
34035
34007
34005
34046
34048
34049
34020
34015
34011
34030
34000
34031
34027
34028
34044
34025
34042
34070
34065
34097
34078
34066
34058
34067
34053
34084
34079
34057
34071
34068
34083
34077
34064
34094
34085
34074
34098
34061
34086
34062
34076
34099
34054
34069
34056
34087
34050
34060
34090
34088
34055
34093
34059
34095
34052
34082
34072
34063
34075
34080
34051
34092
34081
34096
34091
34089
34073
34125
34105
34107
34137
34120
34109
34132
34123
34127
34122
34124
34112
34143
34117
34134
34141
34111
34147
34100
34121
34103
34144
34148
34130
34135
34113
34118
34104
34116
34108
34119
34101
34110
34142
34140
34145
34136
34126
34146
34102
34139
34131
34138
34149
34128
34106
34133
34115
34129
34114
34173
34172
34182
34157
34189
34160
34158
34163
34155
34190
34153
34183
34180
34166
34187
34196
34174
34199
34186
34184
34177
34154
34169
34191
34195
34151
34179
34159
34192
34168
34193
34165
34156
34194
34175
34164
34176
34150
34185
34152
34197
34167
34178
34181
34170
34188
34198
34162
34161
34171
34235
34246
34220
34201
34204
34210
34200
34247
34231
34242
34249
34221
34209
34243
34211
34248
34245
34225
34236
34244
34224
34241
34228
34213
34207
34205
34214
34227
34219
34234
34203
34240
34239
34229
34202
34238
34218
34217
34208
34223
34232
34206
34226
34215
34222
34230
34216
34212
34233
34237
34264
34285
34276
34260
34273
34283
34250
34256
34271
34279
34261
34268
34266
34298
34258
34275
34253
34289
34269
34290
34294
34292
34270
34282
34252
34257
34254
34287
34286
34265
34274
34284
34255
34293
34251
34272
34297
34299
34281
34291
34259
34277
34295
34262
34296
34278
34280
34267
34288
34263
34300
34339
34303
34325
34348
34338
34349
34302
34333
34314
34331
34342
34341
34312
34332
34324
34345
34383
34376
34387
34375
34362
34397
34358
34369
34415
34421
34413
34428
34409
34407
34431
34432
34400
34419
34449
34422
34403
34401
34425
34420
34424
34412
34436
34405
34448
34442
34406
34430
34439
34414
34433
34426
34434
34444
34427
34417
34495
34466
34492
34483
34497
34491
34459
34460
34462
34464
34473
34486
34451
34494
34470
34475
34465
34450
34498
34484
34482
34457
34490
34474
34478
34493
34455
34488
34471
34487
34485
34453
34481
34476
34479
34477
34480
34469
34472
34461
34489
34499
34452
34468
34467
34463
34454
34456
34458
34496
34547
34539
34525
34541
34544
34524
34510
34503
34540
34532
34514
34513
34502
34516
34505
34508
34522
34511
34549
34526
34530
34523
34528
34533
34512
34504
34543
34542
34536
34507
34535
34520
34518
34517
34545
34519
34538
34500
34506
34521
34534
34548
34527
34515
34529
34509
34546
34531
34537
34501
34597
34595
34577
34568
34583
34586
34571
34569
34559
34576
34594
34565
34553
34585
34587
34592
34589
34578
34550
34588
34567
34555
34581
34573
34552
34599
34563
34574
34570
34556
34582
34572
34560
34596
34562
34593
34566
34551
34591
34584
34590
34558
34580
34575
34579
34554
34564
34598
34557
34631
34622
34619
34611
34633
34644
34600
34648
34615
34640
34627
34636
34612
34613
34616
34642
34618
34628
34606
34624
34625
34647
34604
34646
34637
34626
34601
34643
34610
34614
34639
34608
34617
34649
34630
34609
34632
34603
34620
34605
34641
34621
34602
34607
34635
34645
34638
34623
34629
34634
34699
34681
34665
34664
34659
34693
34663
34691
34696
34676
34683
34661
34670
34673
34692
34651
34669
34687
34660
34686
34655
34697
34667
34678
34666
34674
34685
34662
34684
34698
34682
34652
34650
34680
34672
34658
34694
34677
34654
34657
34668
34675
34688
34671
34690
34653
34656
34695
34679
34689
34730
34713
34703
34711
34700
34714
34704
34732
34726
34723
34728
34708
34722
34717
34737
34707
34739
34719
34710
34738
34709
34720
34721
34724
34729
34701
34712
34731
34735
34746
34747
34725
34740
34702
34733
34736
34705
34743
34744
34734
34749
34727
34741
34716
34742
34715
34718
34745
34748
34706
34754
34764
34761
34758
34796
34760
34773
34772
34751
34770
34757
34763
34771
34762
34750
34780
34756
34779
34765
34752
34759
34793
34755
34791
34767
34789
34783
34775
34786
34768
34782
34753
34795
34784
34785
34769
34778
34798
34781
34787
34776
34766
34777
34788
34797
34794
34790
34774
34792
34799
34824
34802
34820
34823
34814
34829
34815
34839
34822
34838
34837
34810
34833
34834
34841
34818
34843
34821
34830
34808
34844
34831
34849
34812
34825
34804
34803
34801
34832
34863
34887
34949
34941
34903
34939
34906
34945
34942
34910
34920
34927
34911
34915
34924
34921
34914
34912
34946
34901
34937
34926
34934
34916
34925
34938
34932
34931
34928
34954
34951
34986
34983
34990
34965
34996
34991
34962
34961
34978
34960
34981
34973
34982
34980
34963
34970
34971
34964
34952
34979
34958
34955
34967
34957
34999
34959
34987
34950
34988
34956
34985
34966
34972
34953
34994
34993
34969
34998
34977
34975
34984
34997
35032
35014
35033
35042
35029
35020
35015
35008
35006
35030
35046
35026
35049
35007
35041
35037
35038
35021
35035
35048
35010
35001
35043
35012
35045
35034
35022
35005
35047
35027
35016
35025
35004
35051
35084
35067
35076
35079
35099
35090
35098
35094
35073
35062
35055
35088
35057
35087
35064
35074
35060
35056
35072
35059
35050
35078
35092
35089
35075
35070
35097
35069
35066
35068
35085
35082
35114
35106
35110
35138
35136
35145
35121
35130
35141
35127
35119
35134
35120
35144
35111
35146
35104
35139
35140
35112
35100
35142
35147
35135
35137
35109
35148
35126
35103
35133
35132
35115
35191
35197
35154
35166
35186
35157
35158
35170
35198
35178
35165
35174
35168
35162
35156
35163
35153
35193
35150
35175
35159
35180
35152
35155
35187
35182
35176
35169
35240
35217
35200
35231
35241
35208
35243
35247
35234
35201
35210
35242
35216
35239
35245
35236
35203
35205
35221
35238
35232
35225
35226
35249
35206
35224
35214
35209
35235
35229
35211
35213
35222
35253
35291
35252
35260
35280
35275
35289
35294
35295
35250
35254
35251
35268
35255
35264
35270
35263
35273
35292
35288
35256
35293
35272
35314
35307
35306
35331
35327
35323
35300
35336
35335
35312
35339
35315
35302
35329
35325
35310
35337
35309
35304
35332
35316
35313
35317
35311
35324
35347
35303
35319
35301
35345
35321
35342
35343
35320
35326
35318
35328
35354
35387
35397
35367
35374
35353
35363
35399
35390
35351
35389
35368
35382
35350
35365
35369
35376
35371
35391
35380
35381
35398
35392
35378
35383
35370
35358
35359
35364
35361
35372
35393
35379
35385
35362
35377
35355
35395
35356
35373
35366
35386
35423
35448
35436
35410
35440
35446
35415
35424
35447
35441
35437
35409
35408
35431
35422
35405
35403
35444
35430
35426
35442
35435
35425
35429
35434
35404
35418
35402
35433
35406
35407
35432
35412
35450
35459
35496
35456
35478
35474
35471
35495
35489
35475
35452
35487
35494
35457
35463
35461
35485
35477
35470
35499
35492
35472
35482
35466
35453
35451
35493
35454
35491
35469
35480
35458
35497
35476
35486
35484
35479
35460
35526
35531
35534
35538
35547
35530
35519
35541
35537
35543
35520
35506
35502
35536
35540
35522
35500
35523
35524
35514
35549
35505
35508
35513
35509
35521
35535
35517
35528
35516
35532
35504
35512
35529
35501
35552
35556
35554
35585
35551
35582
35562
35586
35578
35566
35593
35568
35550
35571
35576
35557
35574
35579
35563
35558
35592
35591
35597
35596
35564
35577
35560
35569
35559
35553
35587
35589
35600
35614
35601
35621
35610
35645
35604
35644
35642
35628
35619
35633
35643
35608
35605
35630
35603
35623
35612
35638
35629
35637
35617
35620
35635
35692
35697
35660
35673
35668
35688
35682
35657
35654
35670
35683
35689
35674
35677
35678
35690
35675
35669
35664
35655
35651
35653
35679
35658
35694
35652
35656
35699
35698
35663
35659
35687
35672
35680
35696
35691
35662
35701
35702
35704
35718
35740
35706
35733
35707
35747
35732
35716
35710
35713
35737
35700
35712
35703
35724
35727
35731
35746
35721
35714
35745
35728
35736
35748
35738
35730
35741
35742
35739
35793
35755
35760
35766
35765
35773
35796
35777
35762
35770
35794
35759
35774
35776
35775
35752
35782
35769
35780
35790
35761
35768
35789
35753
35783
35779
35772
35805
35810
35841
35844
35840
35825
35804
35823
35829
35845
35814
35819
35839
35837
35815
35828
35834
35833
35830
35820
35808
35843
35824
35832
35800
35816
35831
35847
35817
35809
35802
35821
35801
35836
35838
35803
35867
35864
35881
35850
35873
35891
35874
35854
35889
35852
35890
35892
35897
35879
35863
35861
35855
35895
35894
35893
35862
35896
35857
35866
35882
35851
35872
35868
35884
35880
35887
35856
35858
35869
35853
35885
35899
35865
35877
35876
35898
35923
35945
35911
35936
35920
35915
35912
35934
35946
35930
35943
35935
35941
35921
35910
35907
35944
35919
35933
35914
35947
35924
35918
35939
35906
35949
35931
35925
35905
35940
35937
35942
35928
35929
35926
35909
35995
35985
35981
35982
35964
35967
35986
35977
35994
35957
35974
35979
35976
35958
35972
35956
35965
35989
35988
35969
35975
35999
35991
35983
35960
35968
35984
35987
35996
35980
35963
35953
35992
35997
35971
35951
35961
35950
35993
35959
35973
35966
35952
36047
36030
36036
36003
36011
36025
36013
36008
36002
36026
36019
36021
36042
36018
36041
36004
36028
36009
36020
36038
36007
36005
36044
36024
36040
36015
36043
36033
36017
36022
36023
36034
36012
36031
36045
36006
36046
36037
36049
36048
36029
36016
36058
36057
36050
36056
36052
36076
36098
36060
36054
36074
36062
36059
36055
36051
36053
36084
36088
36086
36068
36089
36081
36092
36082
36085
36091
36063
36097
36131
36107
36126
36119
36112
36129
36120
36143
36149
36118
36111
36116
36135
36142
36145
36147
36138
36108
36141
36140
36106
36127
36104
36137
36132
36148
36125
36122
36134
36128
36102
36146
36109
36101
36117
36114
36176
36157
36179
36180
36173
36178
36166
36181
36174
36188
36167
36172
36153
36168
36183
36170
36194
36154
36196
36197
36165
36155
36195
36192
36150
36189
36171
36175
36199
36211
36239
36222
36202
36209
36200
36203
36206
36234
36208
36248
36214
36220
36243
36235
36245
36247
36224
36237
36242
36244
36216
36249
36219
36236
36238
36217
36227
36226
36213
36246
36241
36240
36290
36289
36294
36287
36250
36273
36259
36274
36275
36282
36279
36256
36280
36262
36284
36265
36299
36251
36285
36263
36268
36298
36288
36295
36286
36278
36258
36336
36327
36335
36329
36334
36346
36326
36301
36343
36349
36348
36312
36321
36340
36328
36337
36303
36347
36325
36307
36309
36308
36304
36320
36306
36311
36366
36379
36387
36385
36360
36353
36377
36368
36359
36376
36369
36372
36355
36354
36351
36362
36380
36361
36374
36350
36390
36352
36394
36383
36367
36397
36384
36365
36358
36378
36373
36388
36356
36395
36371
36391
36393
36398
36419
36410
36449
36422
36409
36446
36423
36445
36448
36441
36434
36413
36417
36443
36429
36447
36425
36432
36426
36424
36433
36421
36416
36440
36430
36406
36411
36444
36415
36405
36402
36431
36436
36455
36481
36452
36454
36453
36456
36461
36462
36451
36457
36459
36491
36487
36470
36450
36479
36466
36489
36471
36488
36499
36477
36480
36493
36469
36478
36483
36467
36492
36476
36484
36474
36503
36511
36538
36531
36501
36502
36542
36504
36506
36509
36549
36507
36534
36521
36547
36537
36508
36512
36541
36545
36527
36532
36524
36526
36543
36536
36525
36505
36544
36533
36529
36555
36570
36581
36572
36598
36562
36583
36574
36594
36560
36586
36573
36563
36568
36584
36591
36577
36595
36589
36587
36552
36592
36553
36569
36575
36585
36551
36557
36576
36567
36600
36633
36609
36606
36601
36612
36608
36607
36616
36614
36605
36613
36611
36620
36622
36617
36602
36610
36623
36603
36626
36644
36618
36629
36641
36631
36624
36694
36660
36653
36664
36651
36657
36655
36675
36699
36685
36689
36676
36680
36679
36695
36691
36678
36672
36692
36650
36652
36662
36665
36677
36696
36684
36681
36674
36669
36667
36693
36671
32033
34305
34343
34323
34344
34335
34304
34308
34306
34334
34315
34337
34318
34310
34320
34336
34322
34327
34313
34317
34346
34321
34328
34309
34311
34347
34316
34330
34319
34307
34301
34329
34326
34340
34381
34355
34380
34356
34382
34389
34370
34359
34363
34386
34366
34398
34352
34354
34373
34371
34388
34384
34357
34353
34364
34390
34394
34396
34372
34367
34360
34374
34385
34377
34351
34399
34392
34391
34378
34361
34368
34379
34365
34437
34441
34446
34416
34411
34404
34402
34440
34435
34438
34418
34445
34423
34447
34443
34410
34408
34429
34561
34842
34813
34828
34807
34827
34819
34836
34805
34846
34811
34817
34809
34816
34848
34806
34840
34847
34835
34826
34800
34845
34875
34880
34883
34888
34856
34870
34866
34897
34884
34850
34889
34879
34899
34876
34854
34873
34895
34893
34892
34865
34864
34853
34869
34894
34874
34877
34860
34855
34859
34851
34868
34886
34857
34881
34858
34896
34852
34862
34867
34878
34890
34885
34871
34891
34872
34882
34861
34898
34904
34908
34905
34936
34918
34930
34907
34929
34909
34947
34935
34923
34940
34919
34943
34944
34917
34922
34948
34902
34900
34913
34933
34976
34989
34995
34992
34974
34968
35044
35000
35011
35003
35018
35039
35019
35036
35028
35023
35040
35013
35024
35009
35031
35002
35017
35077
35063
35086
35091
35054
35080
35058
35071
35061
35053
35093
35096
35052
35083
35081
35095
35065
35117
35125
35101
35105
35129
35143
35123
35128
35122
35118
35113
35124
35107
35102
35116
35149
35108
35131
35181
35185
35179
35161
35171
35195
35167
35183
35184
35164
35188
35190
35189
35172
35192
35194
35177
35196
35160
35151
35173
35199
35228
35246
35218
35237
35207
35230
35227
35212
35219
35204
35215
35248
35223
35202
35244
35233
35220
35297
35279
35259
35278
35267
35281
35285
35265
35299
35257
35290
35274
35287
35296
35286
35266
35269
35283
35258
35261
35262
35277
35276
35282
35298
35271
35284
35308
35346
35348
35344
35341
35349
35333
35340
35330
35338
35334
35305
35322
35352
35360
35357
35394
35396
35388
35384
35375
35416
35438
35400
35428
35413
35445
35411
35449
35443
35420
35417
35414
35419
35439
35427
35421
35401
35462
35498
35468
35490
35467
35464
35465
35481
35488
35455
35483
35473
35527
35507
35515
35539
35548
35533
35542
35518
35525
35546
35544
35511
35510
35503
35545
35565
35555
35594
35580
35581
35590
35599
35575
35572
35598
35588
35583
35567
35573
35595
35570
35584
35561
35609
35615
35632
35622
35624
35641
35640
35616
35618
35626
35606
35625
35631
35648
35636
35611
35639
35602
35634
35649
35646
35627
35613
35607
35647
35681
35665
35666
35661
35667
35676
35693
35685
35686
35671
35650
35684
35695
35735
35749
35705
35720
35708
35743
35729
35715
35723
35709
35744
35734
35711
35717
35719
35725
35726
35722
35781
35787
35757
35767
35797
35788
35756
35758
35764
35778
35784
35791
35771
35785
35751
35799
35792
35763
35795
35798
35750
35786
35754
35806
35813
35826
35835
35812
35811
35848
35846
35818
35827
35807
35842
35822
35849
35870
35871
35878
35886
35860
35883
35888
35859
35875
35901
35913
35902
35938
35900
35916
35904
35932
35908
35922
35927
35903
35917
35948
34393
34395
34350
35998
35954
35970
35978
35955
35990
35962
36014
36000
36039
36027
36035
36010
36032
36001
36083
36094
36080
36093
36061
36064
36065
36066
36072
36077
36096
36078
36071
36087
36067
36075
36079
36073
36090
36095
36070
36069
36099
36113
36124
36136
36133
36123
36144
36115
36105
36103
36139
36100
36121
36110
36130
36151
36191
36187
36159
36182
36162
36156
36163
36152
36193
36190
36177
36198
36160
36164
36184
36185
36169
36158
36186
36161
36233
36215
36201
36230
36232
36231
36228
36225
36210
36212
36218
36204
36221
36207
36223
36229
36205
36270
36297
36266
36283
36261
36293
36296
36276
36269
36267
36253
36254
36252
36281
36255
36271
36264
36272
36291
36260
36257
36277
36292
36333
36330
36341
36338
36300
36344
36302
36310
36317
36318
36342
36314
36323
36305
36322
36331
36339
36315
36319
36313
36324
36345
36316
36332
36392
36363
36382
36370
36399
36364
36381
36396
36357
36375
36386
36389
36442
36435
36412
36418
36427
36408
36420
36400
36404
36437
36428
36407
36403
36414
36401
36458
36472
36485
36460
36464
36496
36486
36463
36494
36465
36468
36490
36482
36475
36495
36540
36516
36546
36522
36530
36515
36523
36510
36548
36519
36535
36500
36528
36513
36520
36518
36514
36539
36580
36578
36554
36558
36559
36561
36564
36579
36571
36588
36565
36582
36597
36566
36550
36556
36590
36596
36593
36599
36634
36635
36627
36621
36646
36619
36636
36604
36642
36645
36639
36648
36637
36632
36615
36625
36630
36647
36638
36643
36628
36640
36663
36688
36666
36687
36670
36656
36654
36673
36659
36683
36682
36661
36698
36690
36686
36697
36658
36668
36709
36711
36704
36744
36718
36716
36701
36707
36728
36723
36730
36700
36708
36703
36736
36706
36737
36734
36740
36705
36726
36725
36746
36735
36702
36719
36745
36743
36722
36738
36733
36712
36739
36748
36720
36724
36713
36747
36715
36710
36732
36717
36721
36727
36741
36714
36729
36799
36795
36789
36758
36775
36776
36794
36751
36768
36770
36793
36777
36774
36786
36784
36783
36773
36790
36778
36759
36764
36769
36780
36792
36766
36754
36752
36750
36767
36779
36771
36782
36772
36757
36762
36797
36765
36796
36788
36763
36798
36760
36781
36755
36756
36787
36820
36439
36649
36785
36809
36807
36804
36802
36806
36803
36801
36805
36808
36800
36812
36813
36810
36815
36814
36816
36811
36819
36818
36822
36827
36825
36826
36824
36829
36828
36821
36834
36838
36833
36835
36839
36831
36830
36837
36836
36832
36847
36849
36844
36845
36840
36848
36842
36843
36841
36846
36854
36853
36850
36857
36856
36852
36855
36851
36859
36858
36866
36867
36861
36864
36869
36863
36868
36862
36865
36860
36876
36872
36875
36879
36871
36873
36878
36877
36874
36870
36880
36888
36882
36881
36889
36883
36887
36884
36886
36885
36890
36893
36892
36895
36897
36896
36899
36891
36894
36898
36902
36906
36903
36905
36909
36907
36900
36901
36908
36904
36911
36914
36912
36918
36913
36915
36917
36910
36919
36916
36922
36923
36920
36921
36924
36926
36925
36929
36928
36927
36935
36936
36930
36934
36938
36937
36933
36932
36939
36931
36942
36945
36947
36944
36940
36941
36948
36949
36946
36943
36956
36954
36958
36957
36952
36950
36955
36951
36959
36953
36965
36964
36960
36969
36961
36966
36967
36968
36963
36962
36972
36979
36971
36978
36970
36974
36975
36973
36976
36977
36982
36981
36987
36980
36985
36988
36989
36984
36986
36983
36994
36999
36991
36995
36996
36997
36992
36993
36998
36990
37009
37005
37003
37004
37006
37002
37000
37008
37001
37007
37011
37016
37013
37015
37018
37012
37010
37014
37019
37017
37029
37028
37023
37022
37026
37025
37024
37027
37021
37020
37035
37038
37032
37034
37037
37033
37030
37039
37031
37036
37042
37044
37040
37043
37049
37048
37047
37046
37052
37059
37057
37055
37054
37051
37058
37056
37050
37063
37064
37067
37062
37066
37060
37069
37065
37061
37068
37073
37077
37075
37072
37071
37078
37076
37074
37079
37070
37081
37089
37080
37083
37088
37086
37087
37082
37084
37099
37097
37096
37094
37095
37090
37098
37109
37108
37107
37100
37104
37101
37105
37116
37115
37111
37112
37119
37114
37117
37118
37110
37113
37125
37129
37127
37120
37124
37123
37128
37126
37122
37121
37135
37134
37132
37130
37133
37139
37137
37138
37131
37145
37140
37142
37148
37141
37144
37147
37146
37154
37155
37158
37151
37157
37159
37150
37153
37162
37164
37169
37165
37167
37161
37160
37166
37168
37176
37172
37174
37171
37177
37173
37170
37178
37179
37180
37187
37184
37183
37188
37189
37198
37190
37199
37194
37197
37191
37195
37207
37208
37209
37203
37202
37201
37206
37204
37200
37205
37219
37210
37215
37218
37212
37214
37211
37213
37217
37216
37225
37221
37227
37229
37223
37228
37224
37220
37222
37226
37235
37230
37234
37237
37232
37233
37238
37239
37248
37249
37242
37245
37244
37247
37243
37246
37259
37256
37250
37254
37251
37258
37252
37253
37257
37255
37264
37265
37269
37260
37267
37263
37261
37268
37266
37279
37278
37273
37274
37272
37270
37277
37276
37271
37280
37284
37288
37286
37281
37282
37285
37283
37299
37297
37293
37291
37294
37290
37292
37298
37295
37303
37305
37301
37307
37308
37300
37304
37313
37316
37311
37314
37312
37310
37317
37319
37315
37318
37327
37329
37322
37328
37321
37324
37325
37323
37320
37326
37339
37331
37334
37336
37330
37337
37332
37333
37335
37338
37347
37348
37346
37345
37342
37340
37343
37344
37358
37357
37355
37356
37352
37359
37350
37353
37354
37365
37366
37368
37360
37364
37363
37362
37361
37369
37379
37372
37375
37378
37374
37376
37370
37373
37371
37377
37389
37388
37387
37385
37383
37381
37384
37380
37393
37394
37398
37392
37395
37390
37397
37396
37399
37405
37404
37406
37408
37400
37402
37409
37401
37407
37413
37416
37415
37410
37414
37418
37417
37411
37424
37425
37426
37427
37420
37428
37422
37421
37432
37434
37431
37437
37435
37433
37430
37438
37446
37442
37443
37441
37449
37444
37440
37447
37448
37445
37458
37457
37455
37452
37459
37454
37453
37456
37450
37464
37466
37460
37469
37465
37467
37468
37462
37461
37475
37478
37474
37476
37479
37470
37471
37477
37473
36438
36498
36497
36473
36517
36749
36742
36761
36791
36753
36817
36823
37041
37045
37053
37093
37085
37149
37102
37143
37103
37175
37192
37181
37182
37487
37485
37492
37494
37486
37495
37496
37481
37484
37497
37493
37490
37491
37498
37499
37489
37488
37472
37483
37508
37544
37516
37503
37507
37530
37500
37505
37509
37506
37510
37543
37540
37547
37519
37512
37518
37545
37515
37532
37542
37546
37537
37526
37520
37525
37534
37536
37548
37541
37538
37514
37511
37533
37504
37513
37517
37528
37522
37501
37521
37535
37523
37527
37539
37529
37531
37562
37551
37560
37555
37580
37554
37568
37595
37588
37557
37565
37578
37564
37563
37576
37567
37596
37575
37558
37598
37552
37577
37587
37594
37585
37573
37570
37561
37574
37582
37566
37559
37556
37593
37584
37553
37599
37590
37569
37550
37601
37614
37604
37602
37643
37610
37611
37644
37635
37622
37636
37619
37642
37621
37630
37612
37615
37618
37638
37627
37634
37600
37645
37648
37608
37603
37624
37606
37646
37609
37625
37617
37633
37637
37628
37605
37620
37613
37616
37665
37657
37652
37666
37650
37653
37680
37654
37686
37660
37662
37661
37679
37673
37693
37697
37677
37696
37681
37655
37687
37684
37675
37667
37658
37699
37691
37690
37664
37688
37659
37670
37674
37678
37669
37656
37692
37689
37683
37668
37663
37676
37698
37695
37651
37694
37722
37742
37708
37724
37717
37715
37733
37714
37706
37712
37707
37732
37734
37703
37711
37738
37702
37721
37740
37710
37701
37723
37727
37739
37709
37731
37720
37705
37718
37736
37725
37744
37713
37719
37730
37737
37726
37728
37729
37747
37741
37704
37700
37735
37743
37716
37749
37745
37748
37775
37793
37764
37759
37783
37755
37753
37790
37750
37794
37786
37799
37756
37758
37761
37789
37781
37795
37791
37773
37754
37779
37757
37769
37771
37768
37777
37772
37787
37798
37796
37788
37767
37765
37770
37797
37763
37778
37752
37780
37785
37774
37760
37766
37782
37792
37776
37814
37810
37802
37838
37800
37840
37828
37808
37825
37820
37822
37845
37818
37801
37843
37832
37821
37834
37824
37836
37819
37837
37848
37830
37804
37842
37823
37805
37846
37841
37849
37833
37812
37803
37811
37853
37858
37878
37890
37897
37852
37893
37867
37894
37872
37891
37869
37868
37860
37883
37886
37896
37873
37887
37876
37880
37884
37895
37874
37870
37861
37854
37877
37885
37859
37855
37866
37862
37898
37881
37899
37863
37882
37864
37865
37850
37889
37888
37892
37851
37901
37931
37942
37926
37934
37912
37900
37939
37909
37921
37903
37948
37915
37907
37930
37908
37938
37916
37928
37904
37933
37932
37946
37935
37905
37911
37944
37906
37920
37919
37902
37922
37924
37918
37923
37929
37943
37940
37937
37958
37987
37965
37957
37970
37968
37973
37999
37955
37951
37956
37984
37994
37997
37959
37989
37996
37975
37993
37985
37966
37977
37995
37998
37964
37971
37988
37954
37974
37978
37991
37969
37962
37950
37960
37979
37952
37992
37990
37980
38003
38018
38048
38019
38049
38044
38024
38007
38008
38031
38039
38010
38021
38038
38027
38011
38000
38046
38001
38006
38013
38016
38022
38040
38045
38042
38028
38015
38002
38012
38043
38020
38005
38009
38023
38032
38025
38004
38033
38014
38030
38029
38074
38083
38086
38084
38099
38087
38094
38051
38058
38098
38090
38091
38073
38055
38077
38054
38089
38079
38050
38085
38088
38062
38080
38063
38070
38093
38069
38061
38097
38096
38071
38081
38076
38078
38053
38068
38064
38082
38066
38060
38116
38133
38115
38137
38114
38130
38129
38103
38140
38149
38117
38104
38132
38120
38105
38126
38123
38113
38125
38109
38110
38118
38144
38122
38107
38101
38148
38131
38141
38139
38102
38112
38138
38111
38127
38124
38143
38146
38108
38145
38135
38136
38100
38106
38134
38121
38128
38147
38119
38142
38156
38153
38164
38160
38151
38179
38161
38169
38190
38159
38152
38166
38168
38171
38199
38193
38170
38194
38162
38175
38195
38165
38186
38155
38183
38172
38184
38185
38176
38157
38181
38187
38198
38167
38197
38158
38180
38192
38173
38163
38196
38188
38182
38174
38150
38189
38178
38177
38154
38191
38240
38237
38241
38247
38210
38216
38226
38244
38245
38242
38222
38235
38248
38214
38230
38224
38246
38206
38204
38249
38213
38238
38211
38202
38209
38203
38243
38221
38239
38219
38218
38223
38234
38215
38220
38233
38236
38205
38231
38208
38227
38232
38217
38225
38212
38228
38201
38200
38229
38207
38253
38262
38270
38255
38280
38251
38279
38267
38250
38292
38268
38257
38287
38294
38276
38260
38256
38271
38274
38269
38254
38285
38299
38265
38291
38259
38295
38273
38277
38264
38258
38263
38283
38286
38252
38288
38289
38281
38298
38290
38293
38284
38272
38266
38296
38282
38261
38278
38275
38297
38320
38300
38303
38304
38308
38313
38315
38341
38312
38343
38323
38325
38333
38332
38306
38342
38326
38344
38336
38314
38309
38322
38348
38317
38319
38316
38307
38321
38347
38324
38338
38337
38305
38340
38310
38311
38335
38301
38329
38339
38302
38349
38330
38328
38334
38345
38318
38346
38327
38331
38370
38360
38374
38390
38369
38366
38389
38350
38355
38359
38378
38368
38373
38358
38356
38365
38385
38375
38353
38399
38392
38398
38384
38371
38364
38383
38377
38376
38387
38361
38379
38380
38397
38351
38354
38372
38362
38393
38395
38363
38352
38388
38382
38381
38386
38394
38367
38391
38396
38400
38448
38425
38446
38420
38415
38427
38407
38411
38439
38430
38424
38417
38443
38440
38418
38409
38423
38401
38444
38412
38438
38408
38437
38433
38429
38428
38410
38435
38419
38441
38426
38447
38432
38402
38413
38431
38416
38405
38422
38434
38442
38445
38414
38404
38470
38480
38482
38456
38465
38459
38488
38497
38481
38455
38471
38491
38490
38469
38487
38484
38467
38494
38452
38474
38475
38464
38486
38462
38454
38476
38492
38496
38473
38485
38478
38451
38498
38468
38489
38450
38466
38499
38479
38453
38495
38460
38457
38472
38463
38493
38483
38477
38548
38508
38539
38537
38538
38545
38505
38501
38531
38512
38526
38513
38542
38541
38532
38543
38520
38516
38540
38530
38524
38547
38527
38511
38504
38521
38544
38500
38522
38502
38528
38519
38509
38514
38515
38507
38525
38518
38533
38534
38546
38523
38535
38549
38503
38506
38510
